-0.116 2.047 9.617 0
-0.088 2.066 9.569 8
-0.078 2.047 9.53 8
-0.021 2.009 9.521 9
-0.011 2.038 9.55 8
0.017 2.009 9.55 8
-0.001 2.018 9.607 9
-0.049 1.999 9.655 8
-0.088 1.99 9.693 9
-0.097 1.97 9.693 8
-0.088 1.97 9.703 8
-0.078 1.942 9.703 9
-0.088 1.951 9.703 8
-0.068 1.923 9.655 9
-0.03 1.913 9.626 8
0.007 1.903 9.636 8
0.036 1.894 9.655 9
0.055 1.827 9.684 8
0.074 1.817 9.655 9
0.103 1.846 9.598 8
0.093 1.836 9.463 8
0.046 1.798 9.396 9
-0.03 1.76 9.406 8
-0.049 1.76 9.444 8
-0.059 1.741 9.473 9
-0.068 1.75 9.454 8
-0.03 1.769 9.444 9
-0.049 1.769 9.406 8
-0.049 1.769 9.416 8
-0.04 1.721 9.435 9
-0.068 1.654 9.492 8
-0.049 1.606 9.53 9
-0.021 1.559 9.588 8
0.007 1.539 9.617 8
0.046 1.549 9.674 9
0.065 1.549 9.741 8
0.074 1.53 9.808 9
0.046 1.52 9.684 8
-0.049 1.472 9.54 8
-0.116 1.377 9.348 9
-0.203 1.233 9.186 8
-0.222 1.127 9.109 9
-0.203 1.08 9.138 8
-0.164 0.945 9.166 8
-0.107 0.859 9.176 9
-0.097 0.811 9.358 8
-0.001 0.859 9.511 9
0.074 0.878 9.55 8
0.084 0.831 9.454 8
0.007 0.754 9.348 9
-0.135 0.649 9.339 8
-0.241 0.534 9.348 8
-0.337 0.399 9.444 9
-0.375 0.323 9.54 8
-0.356 0.256 9.789 9
-0.27 0.198 10.096 8
-0.135 0.179 10.278 8
0.036 0.189 10.316 9
-0.001 0.103 10.211 8
-0.001 0.064 10.115 9
-0.04 -0.002 9.962 8
-0.116 -0.069 9.875 8
-0.135 -0.136 9.77 9
-0.135 -0.193 9.78 8
-0.126 -0.222 9.866 9
-0.097 -0.308 9.885 8
-0.078 -0.308 9.808 8
-0.068 -0.308 9.665 9
-0.049 -0.289 9.463 8
-0.078 -0.308 9.291 9
-0.164 -0.423 9.09 8
-0.174 -0.49 9.099 8
-0.203 -0.624 9.147 9
-0.241 -0.73 9.186 8
-0.231 -0.749 9.214 9
-0.222 -0.806 9.233 8
-0.212 -0.874 9.253 8
-0.25 -0.941 9.224 9
-0.241 -1.017 9.166 8
-0.27 -1.046 9.128 8
-0.193 -1.094 9.061 9
-0.107 -1.094 9.032 8
-0.059 -1.142 8.946 9
-0.049 -1.247 8.879 8
-0.107 -1.458 8.975 8
-0.088 -1.544 9.099 9
-0.03 -1.602 9.224 8
0.017 -1.726 9.358 9
-0.021 -1.879 9.406 8
-0.059 -1.994 9.463 8
-0.021 -2.09 9.559 9
-0.03 -2.167 9.588 8
-0.04 -2.224 9.54 9
-0.059 -2.33 9.492 8
-0.001 -2.406 9.406 8
0.055 -2.483 9.348 9
0.055 -2.521 9.368 8
0.093 -2.598 9.492 9
0.141 -2.646 9.55 8
0.247 -2.732 9.712 8
0.343 -2.809 9.837 9
0.362 -2.837 9.904 8
0.381 -2.876 9.885 8
0.4 -2.885 9.751 9
0.352 -2.923 9.607 8
0.314 -2.914 9.463 9
0.314 -2.933 9.272 8
0.314 -2.991 9.166 8
0.304 -3.0 9.099 9
0.333 -3.105 9.061 8
0.352 -3.163 9.08 9
0.333 -3.211 9.253 8
0.343 -3.201 9.272 8
0.275 -3.173 9.233 9
0.189 -3.192 9.08 8
0.122 -3.249 8.984 9
0.065 -3.278 8.975 8
0.074 -3.297 9.051 8
0.151 -3.297 9.119 9
0.237 -3.297 9.138 8
0.275 -3.287 9.176 9
0.314 -3.287 9.128 8
0.323 -3.307 9.023 8
0.295 -3.355 8.965 9
0.266 -3.383 8.937 8
0.208 -3.508 8.946 9
0.247 -3.546 9.032 8
0.343 -3.498 9.176 8
0.429 -3.527 9.281 9
0.343 -3.613 9.492 8
0.314 -3.584 9.598 9
0.352 -3.556 9.588 8
0.362 -3.527 9.559 8
0.362 -3.527 9.473 9
0.362 -3.565 9.348 8
0.39 -3.556 9.233 8
0.438 -3.556 9.08 9
0.467 -3.556 8.908 8
0.477 -3.604 8.611 9
0.496 -3.623 8.496 8
0.457 -3.632 8.496 8
0.419 -3.594 8.573 9
0.438 -3.527 8.697 8
0.496 -3.479 8.822 9
0.505 -3.441 8.908 8
0.515 -3.422 8.994 8
0.525 -3.412 8.984 9
0.505 -3.441 8.965 8
0.496 -3.441 8.937 9
0.419 -3.498 8.917 8
0.41 -3.489 8.956 8
0.41 -3.508 8.917 9
0.429 -3.527 8.841 8
0.41 -3.537 8.802 9
0.41 -3.537 8.841 8
0.39 -3.537 8.946 8
0.39 -3.498 9.09 9
0.4 -3.469 9.157 8
0.429 -3.46 9.128 8
0.438 -3.431 9.051 9
0.39 -3.46 8.946 8
0.381 -3.498 8.783 9
0.41 -3.517 8.64 8
0.39 -3.517 8.544 8
0.362 -3.498 8.477 9
0.304 -3.498 8.553 8
0.304 -3.489 8.735 9
0.314 -3.479 8.917 8
0.304 -3.45 9.08 8
0.295 -3.489 9.205 9
0.295 -3.45 9.176 8
0.323 -3.479 9.042 9
0.371 -3.46 8.869 8
0.419 -3.469 8.659 8
0.448 -3.498 8.553 9
0.457 -3.498 8.601 8
0.457 -3.479 8.697 9
0.419 -3.441 8.755 8
0.371 -3.431 8.793 8
0.304 -3.441 8.898 9
0.304 -3.422 8.908 8
0.362 -3.431 8.975 8
0.41 -3.412 9.099 9
0.448 -3.45 9.214 8
0.448 -3.45 9.358 9
0.505 -3.46 9.578 8
0.649 -3.355 9.703 8
0.659 -3.326 9.55 9
0.601 -3.374 9.396 8
0.553 -3.393 9.262 9
0.563 -3.431 9.051 8
0.553 -3.441 8.869 8
0.438 -3.441 8.745 9
0.381 -3.412 8.879 8
0.314 -3.335 9.109 9
0.333 -3.259 9.291 8
0.381 -3.201 9.473 8
0.448 -3.105 9.693 9
0.496 -3.029 9.77 8
0.525 -2.991 9.808 9
0.477 -3.029 9.875 8
0.505 -3.029 9.904 8
0.553 -2.952 9.789 9
0.553 -2.923 9.78 8
0.544 -2.828 9.837 9
0.563 -2.751 9.885 8
0.525 -2.636 9.55 8
0.457 -2.588 9.224 9
0.39 -2.559 8.965 8
0.314 -2.531 8.822 8
0.275 -2.483 8.812 9
0.237 -2.425 9.004 8
0.266 -2.349 9.243 9
0.343 -2.224 9.55 8
0.419 -2.081 9.818 8
0.467 -1.985 9.933 9
0.534 -1.87 9.885 8
0.582 -1.784 9.837 9
0.63 -1.707 9.645 8
0.592 -1.64 9.425 8
0.601 -1.573 9.368 9
0.553 -1.535 9.348 8
0.525 -1.496 9.339 9
0.448 -1.487 9.32 8
0.39 -1.467 9.32 8
0.333 -1.41 9.281 9
0.39 -1.314 9.272 8
0.448 -1.17 9.301 9
0.438 -1.103 9.492 8
0.448 -1.065 9.818 8
0.525 -0.921 10.057 9
0.592 -0.854 10.105 8
0.601 -0.778 10.345 9
0.754 -0.586 10.249 8
0.812 -0.462 10.067 8
0.821 -0.414 9.933 9
0.85 -0.356 9.914 8
0.879 -0.347 9.99 8
0.889 -0.337 10.0 9
0.86 -0.289 9.962 8
0.726 -0.299 10.038 9
0.668 -0.241 10.086 8
0.563 -0.088 10.096 8
0.515 0.055 10.076 9
0.477 0.198 10.038 8
0.448 0.323 9.914 9
0.496 0.553 9.598 8
0.515 0.649 9.463 8
0.582 0.783 9.416 9
0.649 0.936 9.435 8
0.639 1.089 9.492 9
0.649 1.223 9.435 8
0.611 1.357 9.406 8
0.553 1.444 9.396 9
0.563 1.53 9.368 8
0.553 1.645 9.339 9
0.553 1.769 9.291 8
0.544 1.836 9.329 8
0.553 1.923 9.425 9
0.592 2.018 9.54 8
0.793 2.21 9.827 9
0.821 2.239 9.837 8
0.783 2.287 9.77 8
0.754 2.344 9.588 9
0.639 2.392 9.368 8
0.592 2.497 9.166 8
0.601 2.603 9.071 9
0.601 2.708 9.032 8
0.668 2.823 8.994 9
0.697 2.938 8.917 8
0.697 3.024 8.946 8
0.659 3.101 9.013 9
0.707 3.235 9.051 8
0.716 3.35 8.994 9
0.601 3.465 8.898 8
0.63 3.522 8.783 8
0.63 3.637 8.755 9
0.668 3.743 8.697 8
0.659 3.829 8.601 9
0.687 3.905 8.525 8
0.611 3.982 8.477 8
0.582 4.03 8.467 9
0.563 4.107 8.381 8
0.592 4.183 8.343 9
0.611 4.26 8.333 8
0.592 4.298 8.314 8
0.582 4.346 8.381 9
0.592 4.49 8.477 8
0.582 4.499 8.544 8
0.601 4.576 8.592 9
0.62 4.643 8.735 8
0.649 4.71 8.774 9
0.659 4.748 8.764 8
0.639 4.796 8.822 8
0.678 4.806 8.85 9
0.659 4.815 8.822 8
0.62 4.844 8.812 9
0.601 4.873 8.774 8
0.62 4.883 8.697 8
0.534 4.95 8.573 9
0.457 4.988 8.486 8
0.323 5.017 8.189 9
0.323 5.084 8.209 8
0.371 5.17 8.41 8
0.477 5.323 8.505 9
0.534 5.39 8.582 8
0.467 5.438 8.687 9
0.381 5.486 8.687 8
0.304 5.486 8.573 8
0.199 5.515 8.4 9
0.074 5.534 8.218 8
-0.001 5.601 7.998 9
-0.03 5.725 7.777 8
-0.049 5.812 7.739 8
0.046 6.013 7.634 9
0.084 6.099 7.5 8
0.046 6.147 7.375 8
0.026 6.195 7.289 9
-0.088 6.214 7.241 8
-0.212 6.319 7.26 9
-0.174 6.549 7.327 8
-0.116 6.636 7.394 8
-0.059 6.703 7.519 9
-0.021 6.703 7.634 8
-0.011 6.731 7.787 9
0.036 6.712 7.768 8
0.055 6.712 7.595 8
0.074 6.722 7.433 9
-0.078 6.818 7.461 8
0.084 6.971 7.337 9
0.218 7.105 7.164 8
0.256 7.162 7.117 8
0.295 7.239 7.136 9
0.381 7.335 7.203 8
0.534 7.45 7.241 9
0.639 7.555 7.184 8
0.697 7.67 7.002 8
0.62 7.632 6.877 9
0.467 7.555 6.752 8
0.352 7.526 6.609 8
0.304 7.526 6.465 9
0.515 7.708 6.417 8
0.678 7.833 6.523 9
0.831 7.948 6.599 8
0.793 7.977 6.733 8
0.697 7.967 6.887 9
0.62 8.015 6.867 8
0.496 8.015 6.762 9
0.371 7.996 6.551 8
0.237 8.005 6.283 8
0.084 8.015 5.9 9
-0.049 7.986 5.565 8
-0.145 7.938 5.306 9
-0.068 7.986 5.067 8
-0.011 8.072 5.009 8
0.141 8.226 5.249 9
0.132 8.235 5.316 8
0.093 8.254 5.249 9
-0.011 8.226 5.019 8
-0.116 8.302 4.712 8
-0.193 8.35 4.511 9
-0.212 8.456 4.377 8
-0.088 8.58 4.396 8
0.16 8.743 4.568 9
0.448 8.887 4.808 8
0.639 8.992 4.894 9
0.563 8.925 4.875 8
0.419 8.867 4.712 8
0.16 8.877 4.204 9
0.055 8.839 4.128 8
-0.001 8.791 4.089 9
-0.116 8.8 4.147 8
-0.212 8.867 4.272 8
-0.059 8.944 4.31 9
0.151 8.954 4.425 8
0.275 8.934 4.521 9
0.285 8.887 4.511 8
0.18 8.8 4.454 8
0.113 8.8 4.319 9
0.103 8.82 4.109 8
0.18 8.867 3.946 9
0.352 9.002 3.735 8
0.333 8.963 3.706 8
0.151 8.934 3.678 9
0.046 8.992 3.582 8
0.007 9.011 3.543 9
-0.088 8.915 3.534 8
-0.241 8.867 3.543 8
-0.145 8.906 3.543 9
-0.135 8.906 3.735 8
-0.04 8.915 3.888 9
0.026 8.934 3.975 8
0.065 8.887 4.032 8
0.074 8.906 4.032 9
-0.001 8.906 4.07 8
-0.021 8.915 4.118 8
-0.078 8.887 4.07 9
-0.135 8.858 4.08 8
-0.356 8.829 4.128 9
-0.49 8.81 4.08 8
-0.547 8.839 3.965 8
-0.595 8.791 3.85 9
-0.586 8.791 3.783 8
-0.509 8.781 3.783 9
-0.442 8.772 3.86 8
-0.394 8.781 4.003 8
-0.298 8.81 4.176 9
-0.26 8.858 4.348 8
-0.183 8.887 4.463 9
-0.174 8.896 4.482 8
-0.193 8.934 4.415 8
-0.193 8.954 4.386 9
-0.183 8.915 4.415 8
-0.183 8.896 4.396 9
-0.107 8.915 4.396 8
-0.059 8.934 4.568 8
-0.03 8.934 4.712 9
0.017 8.944 4.913 8
0.065 9.002 5.134 8
0.113 9.04 5.277 9
0.208 9.107 5.258 8
0.275 9.078 5.153 9
0.218 9.059 5.047 8
0.026 9.021 4.683 8
-0.068 9.011 4.588 9
-0.097 9.03 4.54 8
-0.107 9.011 4.616 9
-0.116 8.973 4.674 8
-0.107 8.973 4.655 8
-0.193 8.925 4.674 9
-0.25 8.944 4.645 8
-0.26 8.906 4.549 9
-0.26 8.858 4.415 8
-0.25 8.82 4.377 8
-0.212 8.82 4.386 9
-0.174 8.867 4.415 8
-0.145 8.887 4.559 9
-0.155 8.896 4.588 8
-0.135 8.877 4.578 8
-0.088 8.877 4.588 9
-0.068 8.887 4.597 8
-0.068 8.915 4.645 8
-0.04 8.896 4.674 9
-0.011 8.887 4.674 8
0.026 8.867 4.693 9
0.036 8.867 4.645 8
-0.021 8.858 4.607 8
-0.116 8.82 4.53 9
-0.174 8.8 4.396 8
-0.193 8.8 4.262 9
-0.164 8.829 4.386 8
-0.126 8.829 4.511 8
-0.088 8.867 4.636 9
-0.068 8.877 4.76 8
-0.088 8.877 4.961 9
-0.097 8.858 5.057 8
-0.116 8.839 5.086 8
-0.174 8.81 5.0 9
-0.231 8.772 4.99 8
-0.298 8.724 4.961 9
-0.308 8.695 4.865 8
-0.308 8.638 4.77 8
-0.346 8.59 4.731 9
-0.375 8.561 4.856 8
-0.298 8.58 4.846 9
-0.231 8.618 4.932 8
-0.231 8.609 4.99 8
-0.327 8.58 5.028 9
-0.298 8.551 5.076 8
-0.279 8.532 5.114 9
-0.25 8.494 5.076 8
-0.279 8.484 5.067 8
-0.27 8.465 5.095 9
-0.26 8.465 5.172 8
-0.25 8.465 5.21 8
-0.241 8.427 5.182 9
-0.25 8.436 5.182 8
-0.356 8.35 5.201 9
-0.356 8.36 5.21 8
-0.356 8.35 5.182 8
-0.298 8.36 5.114 9
-0.337 8.341 5.134 8
-0.327 8.331 5.21 9
-0.356 8.293 5.296 8
-0.327 8.274 5.459 8
-0.308 8.235 5.536 9
-0.298 8.197 5.517 8
-0.298 8.178 5.517 9
-0.317 8.149 5.546 8
-0.394 8.168 5.613 8
-0.461 8.226 5.804 9
-0.442 8.206 5.967 8
-0.404 8.139 6.044 9
-0.356 8.072 6.044 8
-0.327 8.015 6.005 8
-0.317 7.977 5.938 9
-0.385 7.929 5.823 8
-0.432 7.9 5.689 8
-0.471 7.823 5.565 9
-0.528 7.756 5.507 8
-0.605 7.699 5.555 9
-0.883 7.584 5.593 8
-1.151 7.421 5.814 8
-1.304 7.316 6.092 9
-1.141 7.22 6.532 8
-1.093 7.191 6.772 9
-1.045 7.172 6.82 8
-1.045 7.086 6.743 8
-1.036 6.99 6.647 9
-1.103 6.856 6.743 8
-1.218 6.626 6.934 9
-1.409 6.463 7.03 8
-1.563 6.358 7.107 8
-1.726 6.243 7.327 9
-1.86 6.157 7.548 8
-1.955 6.099 7.71 9
-2.051 5.984 7.845 8
-2.339 5.783 8.256 8
-2.434 5.678 8.333 9
-2.521 5.486 8.228 8
-2.607 5.429 8.151 8
-2.76 5.342 8.017 9
-3.0 5.208 7.969 8
-3.153 5.151 7.797 9
-3.297 5.036 7.892 8
-3.421 4.902 7.979 8
-3.517 4.787 8.046 9
-3.584 4.681 8.161 8
-3.565 4.653 8.304 9
-3.517 4.653 8.505 8
-3.536 4.691 8.582 8
-3.622 4.614 8.304 9
-3.708 4.528 8.228 8
-3.823 4.413 8.18 9
-3.948 4.356 8.065 8
-4.044 4.241 7.998 8
-4.12 4.135 7.806 9
-4.111 4.078 7.749 8
-4.207 3.992 7.835 9
-4.168 3.953 7.883 8
-4.245 4.04 7.921 8
-4.446 4.011 7.873 9
-4.743 3.781 7.892 8
-5.021 3.57 7.864 9
-5.078 3.34 7.749 8
-5.021 3.254 7.624 8
-5.04 3.13 7.567 9
-5.155 3.062 7.49 8
-5.279 3.062 7.461 8
-5.327 3.12 7.413 9
-5.385 3.101 7.471 8
-5.481 3.062 7.461 9
-5.576 3.043 7.404 8
-5.691 2.967 7.366 8
-5.787 2.89 7.356 9
-5.854 2.775 7.337 8
-5.94 2.631 7.289 9
-5.998 2.507 7.231 8
-6.247 2.287 7.136 8
-6.429 2.21 7.097 9
-6.525 2.191 7.03 8
-6.563 2.143 7.002 9
-6.611 2.133 7.011 8
-6.668 2.114 7.011 8
-6.735 2.105 7.049 9
-6.85 2.028 7.03 8
-6.994 1.97 7.021 9
-7.138 1.894 7.011 8
-7.234 1.865 6.954 8
-7.243 1.836 6.848 9
-7.253 1.808 6.743 8
-7.109 1.788 6.542 9
-7.138 1.769 6.456 8
-7.234 1.712 6.398 8
-7.339 1.721 6.312 9
-7.416 1.702 6.293 8
-7.54 1.645 6.341 8
-7.531 1.635 6.341 9
-7.521 1.674 6.369 8
-7.502 1.645 6.379 9
-7.511 1.645 6.331 8
-7.54 1.635 6.216 8
-7.559 1.626 6.034 9
-7.607 1.635 5.814 8
-7.76 1.616 5.632 9
-8.01 1.559 5.498 8
-8.067 1.52 5.498 8
-8.115 1.472 5.546 9
-8.124 1.492 5.632 8
-8.086 1.52 5.728 9
-8.105 1.568 5.795 8
-8.096 1.606 5.814 8
-8.105 1.635 5.766 9
-8.124 1.587 5.718 8
-8.144 1.559 5.546 9
-8.115 1.549 5.354 8
-8.096 1.75 5.344 8
-8.057 1.817 5.182 9
-8.077 1.568 4.961 8
-8.306 1.242 4.952 8
-8.441 1.252 4.971 9
-8.479 1.252 4.961 8
-8.46 1.3 5.0 9
-8.412 1.329 5.057 8
-8.316 1.357 5.143 8
-8.22 1.3 5.162 9
-8.211 1.338 5.287 8
-8.239 1.386 5.344 9
-8.278 1.453 5.296 8
-8.306 1.52 5.229 8
-8.335 1.52 5.134 9
-8.278 1.549 4.923 8
-8.172 1.549 4.616 9
-8.182 1.539 4.549 8
-8.182 1.568 4.463 8
-8.239 1.616 4.444 9
-8.278 1.645 4.415 8
-8.306 1.635 4.521 9
-8.354 1.52 4.616 8
-8.469 1.424 4.664 8
-8.46 1.377 4.703 9
-8.393 1.367 4.741 8
-8.383 1.367 4.789 8
-8.354 1.405 4.779 9
-8.364 1.453 4.808 8
-8.402 1.444 4.722 9
-8.488 1.463 4.607 8
-8.46 1.511 4.521 8
-8.421 1.568 4.406 9
-8.441 1.559 4.329 8
-8.527 1.606 4.3 9
-8.575 1.559 4.233 8
-8.613 1.549 4.291 8
-8.584 1.559 4.329 9
-8.613 1.568 4.425 8
-8.718 1.453 4.425 9
-8.766 1.396 4.339 8
-8.738 1.386 4.233 8
-8.642 1.444 4.157 9
-8.623 1.405 4.157 8
-8.728 1.357 4.003 9
-8.843 1.319 3.869 8
-8.987 1.3 3.812 8
-9.054 1.329 3.812 9
-9.14 1.319 3.84 8
-9.159 1.242 3.812 9
-9.073 1.175 3.802 8
-8.977 1.156 3.793 8
-8.91 1.166 3.735 9
-8.862 1.233 3.687 8
-8.833 1.252 3.735 8
-8.9 1.147 3.773 9
-9.073 1.022 3.84 8
-9.073 1.127 3.84 9
-8.939 1.233 3.687 8
-8.852 1.29 3.553 8
-8.862 1.338 3.342 9
-8.92 1.377 3.141 8
-8.977 1.377 2.988 9
-9.044 1.338 2.844 8
-9.044 1.271 2.748 8
-9.006 1.262 2.806 9
-8.91 1.281 2.978 8
-8.862 1.271 3.199 9
-8.872 1.252 3.4 8
-8.881 1.242 3.543 8
-8.814 1.271 3.783 9
-8.795 1.319 3.812 8
-8.814 1.319 3.793 9
-8.824 1.348 3.783 8
-8.833 1.338 3.725 8
-8.805 1.377 3.639 9
-8.738 1.386 3.572 8
-8.632 1.396 3.543 9
-8.536 1.424 3.553 8
-8.556 1.415 3.572 8
-8.556 1.357 3.649 9
-8.565 1.3 3.793 8
-8.556 1.3 4.07 8
-8.479 1.252 4.31 9
-8.201 1.127 4.645 8
-8.115 1.051 4.789 9
-8.086 0.993 4.942 8
-8.077 0.926 5.019 8
-8.057 0.878 5.153 9
-7.962 0.84 5.201 8
-7.828 0.869 5.191 9
-7.722 0.984 5.306 8
-7.684 1.089 5.459 8
-7.703 1.137 5.555 9
-7.732 1.166 5.574 8
-7.732 1.166 5.651 9
-7.665 1.137 5.785 8
-7.473 1.022 5.862 8
-7.387 0.907 5.938 9
-7.272 0.783 5.919 8
-7.109 0.687 5.89 9
-6.889 0.696 6.005 8
-6.735 0.744 6.149 8
-6.735 0.744 6.36 9
-6.937 0.696 6.523 8
-7.291 0.524 6.628 8
-7.147 0.438 6.427 9
-6.908 0.61 6.666 8
-6.716 0.763 6.925 9
-6.391 0.936 7.241 8
-6.122 0.965 7.586 8
-5.835 0.888 7.768 9
-5.73 0.754 7.816 8
-5.672 0.486 7.902 9
-5.605 0.285 7.892 8
-5.567 0.064 7.883 8
-5.471 -0.098 7.912 9
-5.327 -0.155 8.065 8
-5.165 -0.117 8.477 9
-5.126 -0.098 8.898 8
-5.002 -0.04 9.166 8
-4.858 -0.011 9.281 9
-4.599 0.074 9.396 8
-4.341 0.131 9.425 9
-3.756 0.217 9.301 8
-3.469 0.256 9.483 8
-3.277 0.217 9.837 9
-3.086 0.217 10.249 8
-2.913 0.313 10.651 9
-2.942 0.332 10.824 8
-3.028 0.093 10.555 8
-3.067 -0.174 10.057 9
-3.048 -0.366 9.655 8
-2.98 -0.442 9.339 8
-2.712 -0.299 9.205 9
-2.31 -0.174 9.128 8
-1.917 -0.04 9.08 9
-1.601 0.016 9.186 8
-1.237 0.083 9.224 8
-1.093 0.17 9.205 9
-0.95 0.217 9.147 8
-0.825 0.285 9.195 9
-0.701 0.294 9.186 8
-0.567 0.275 9.262 8
-0.404 0.217 9.368 9
-0.25 0.122 9.55 8
-0.088 -0.002 9.962 9
0.16 0.026 10.431 8
0.438 0.122 10.776 8
0.649 0.179 10.948 9
0.831 0.217 10.91 8
0.898 0.323 10.431 9
0.936 0.342 10.153 8
1.032 0.399 9.894 8
1.195 0.447 9.693 9
1.348 0.438 9.55 8
1.473 0.409 9.425 8
1.636 0.428 9.272 9
1.799 0.447 9.061 8
1.913 0.467 8.917 9
2.0 0.419 8.898 8
2.124 0.409 8.917 8
2.258 0.457 9.004 9
2.412 0.543 9.061 8
2.622 0.601 9.08 9
2.9 0.524 9.358 8
3.082 0.514 9.492 8
3.235 0.562 9.454 9
3.398 0.572 9.425 8
3.484 0.562 9.368 9
3.571 0.524 9.358 8
3.724 0.514 9.425 8
3.868 0.524 9.358 9
4.011 0.61 9.329 8
4.078 0.649 9.291 9
4.05 0.61 9.176 8
4.03 0.505 9.099 8
4.126 0.457 9.013 9
4.375 0.514 8.668 8
4.481 0.543 8.419 9
4.538 0.543 8.266 8
4.548 0.562 8.247 8
4.49 0.534 8.323 9
4.423 0.553 8.352 8
4.462 0.572 8.343 9
4.576 0.629 8.276 8
4.644 0.649 8.189 8
4.72 0.639 7.988 9
4.768 0.572 7.825 8
4.826 0.534 7.672 8
4.845 0.553 7.615 9
4.864 0.505 7.691 8
4.854 0.39 7.988 9
4.912 0.361 8.094 8
4.979 0.39 8.256 8
5.055 0.361 8.362 9
5.17 0.342 8.381 8
5.352 0.323 8.343 9
5.496 0.313 8.18 8
5.601 0.323 7.969 8
5.716 0.361 7.777 9
5.755 0.428 7.643 8
5.803 0.447 7.471 9
5.851 0.428 7.289 8
5.879 0.352 7.174 8
5.86 0.16 7.385 9
5.908 0.141 7.49 8
5.985 0.141 7.624 9
6.176 0.17 7.71 8
6.329 0.208 7.758 8
6.406 0.227 7.663 9
6.454 0.15 7.653 8
6.397 0.112 7.663 8
6.511 0.189 7.634 9
6.579 0.285 7.548 8
6.684 0.371 7.366 9
6.741 0.399 7.366 8
6.77 0.361 7.461 8
6.77 0.285 7.643 9
6.847 0.208 7.557 8
6.837 0.198 7.433 9
6.914 0.265 7.184 8
6.923 0.285 6.973 8
6.99 0.332 6.733 9
6.923 0.361 6.532 8
6.933 0.438 6.379 9
7.01 0.534 6.264 8
7.077 0.553 6.254 8
7.144 0.495 6.321 9
7.182 0.399 6.436 8
7.307 0.399 6.532 9
7.441 0.399 6.676 8
7.546 0.361 6.638 8
7.613 0.514 6.484 9
7.623 0.591 6.302 8
7.527 0.591 6.159 8
7.556 0.581 5.814 9
7.508 0.486 5.498 8
7.642 0.514 5.201 9
7.613 0.419 5.028 8
7.718 0.438 4.875 8
7.766 0.457 4.827 9
7.738 0.476 4.885 8
7.757 0.534 5.076 9
7.757 0.61 5.325 8
7.718 0.62 5.517 8
7.738 0.639 5.718 9
7.785 0.677 5.689 8
7.872 0.725 5.478 9
7.91 0.706 5.22 8
7.929 0.668 5.114 8
7.958 0.696 4.961 9
7.92 0.668 4.904 8
7.891 0.629 4.904 9
7.929 0.61 4.856 8
7.91 0.629 4.932 8
7.958 0.668 5.009 9
8.044 0.668 5.162 8
8.102 0.61 5.354 9
8.226 0.629 5.565 8
8.332 0.677 5.488 8
8.197 0.677 5.287 9
8.111 0.677 5.095 8
8.044 0.668 4.894 8
8.006 0.61 4.722 9
7.881 0.629 4.693 8
7.853 0.61 4.568 9
7.996 0.62 4.386 8
8.14 0.572 4.3 8
8.37 0.553 4.262 9
8.36 0.505 4.415 8
8.332 0.447 4.616 9
8.36 0.428 4.712 8
8.351 0.399 5.067 8
8.504 0.428 5.0 9
8.581 0.38 4.846 8
8.667 0.361 4.626 9
8.772 0.361 4.444 8
8.81 0.342 4.3 8
8.81 0.304 4.195 9
8.868 0.275 4.051 8
8.868 0.237 4.061 9
8.82 0.246 4.109 8
8.753 0.217 4.262 8
8.83 0.275 4.319 9
8.925 0.246 4.434 8
8.973 0.179 4.396 9
8.916 0.313 4.31 8
8.753 0.419 4.214 8
8.59 0.428 4.07 9
8.581 0.486 3.831 8
8.561 0.467 3.735 8
8.686 0.524 3.611 9
8.801 0.543 3.658 8
8.81 0.534 3.63 9
8.743 0.524 3.658 8
8.724 0.572 3.802 8
8.753 0.668 3.812 9
8.715 0.687 3.869 8
8.619 0.687 3.898 9
8.542 0.677 3.773 8
8.6 0.696 3.869 8
8.609 0.735 3.927 9
8.667 0.802 3.955 8
8.724 0.783 3.984 9
8.705 0.783 3.975 8
8.676 0.802 3.975 8
8.609 0.802 3.984 9
8.533 0.802 3.917 8
8.475 0.763 3.84 9
8.504 0.84 3.898 8
8.475 0.84 3.831 8
8.504 0.811 3.831 9
8.638 0.802 3.917 8
8.715 0.735 4.233 8
8.705 0.744 4.339 9
8.696 0.725 4.272 8
8.657 0.696 4.147 9
8.628 0.649 4.042 8
8.571 0.639 4.032 8
8.609 0.61 4.003 9
8.6 0.61 4.013 8
8.619 0.581 4.089 9
8.648 0.562 4.08 8
8.715 0.562 4.118 8
8.686 0.514 4.128 9
8.686 0.486 4.032 8
8.686 0.409 4.051 9
8.734 0.39 4.032 8
8.782 0.294 3.994 8
8.82 0.198 4.089 9
8.945 0.237 4.032 8
8.973 0.265 4.013 9
8.916 0.217 4.022 8
8.897 0.208 3.955 8
8.868 0.208 3.84 9
8.839 0.237 3.745 8
8.83 0.217 3.764 9
8.83 0.198 3.793 8
8.82 0.16 3.898 8
8.801 0.112 4.07 9
8.763 0.083 4.147 8
8.705 0.026 4.233 9
8.686 0.016 4.233 8
8.743 0.035 4.272 8
8.849 0.016 4.339 9
8.887 -0.021 4.367 8
8.897 0.026 4.262 8
8.676 -0.04 4.243 9
8.494 -0.117 4.204 8
8.427 -0.126 4.128 9
8.379 -0.155 4.042 8
8.36 -0.203 4.252 8
8.533 -0.213 4.655 9
8.791 -0.174 4.913 8
8.734 -0.289 5.095 9
8.696 -0.328 5.191 8
8.696 -0.347 5.229 8
8.657 -0.337 5.296 9
8.571 -0.289 5.383 8
8.437 -0.222 5.431 9
8.236 -0.222 5.584 8
8.044 -0.26 5.804 8
8.025 -0.289 5.977 9
7.939 -0.232 6.187 8
7.747 -0.193 6.446 8
7.757 -0.28 6.475 9
7.632 -0.375 6.599 8
7.402 -0.404 7.356 9
7.278 -0.452 7.404 8
6.943 -0.5 7.231 8
6.473 -0.615 7.164 9
5.975 -0.759 7.049 8
5.745 -0.778 6.934 9
5.199 -0.701 4.482 8
3.906 -0.548 4.473 8
3.408 -0.385 8.965 9
3.734 -0.538 9.626 8
4.394 -0.845 9.071 9
4.902 -0.816 9.042 8
5.142 -0.624 9.732 8
4.845 -0.711 10.373 9
3.753 -1.391 11.226 8
3.552 -1.621 11.054 9
3.552 -1.535 10.814 8
3.542 -1.496 10.249 8
3.532 -1.41 9.837 9
3.542 -1.218 9.416 8
3.302 -1.046 9.54 9
3.389 -0.605 9.31 8
3.283 -0.375 8.956 8
3.025 -0.26 8.62 9
2.622 -0.318 8.256 8
2.076 -0.481 7.998 8
1.511 -0.644 7.959 9
0.936 -0.749 8.391 8
0.927 -0.663 8.343 9
1.003 -0.385 8.429 8
1.157 -0.126 8.429 8
1.3 -0.002 8.419 9
1.415 0.016 8.496 8
1.492 0.045 8.678 9
1.291 0.055 9.119 8
0.889 0.026 9.626 8
0.448 0.064 9.847 9
0.046 0.093 9.789 8
-0.308 0.035 9.674 9
-0.461 -0.04 10.076 8
-0.404 -0.05 10.632 8
-0.001 -0.05 11.015 9
-0.873 -0.988 11.274 8
-0.854 -0.902 11.236 9
-0.135 -0.806 10.651 8
0.18 -0.96 10.335 8
0.113 -1.027 10.038 9
-0.155 -0.874 9.617 8
-0.404 -0.577 9.502 9
-0.423 0.189 9.914 8
-0.777 -0.356 9.665 8
-0.95 -0.778 9.77 9
-0.892 -0.921 9.569 8
-0.787 -0.912 9.55 8
-0.442 -0.529 9.511 9
-0.337 -0.126 9.301 8
-0.337 0.122 9.004 9
-0.346 0.285 8.735 8
-0.279 0.438 8.582 8
-0.011 0.61 8.659 9
0.151 0.668 8.86 8
0.113 0.639 8.946 9
0.122 0.658 8.735 8
-0.116 0.735 8.764 8
-0.356 0.859 8.86 9
-0.308 0.907 9.013 8
-0.279 0.878 9.013 9
-0.279 0.792 8.984 8
-0.25 0.859 9.358 8
-0.576 0.687 9.31 9
-0.394 0.716 9.147 8
-0.021 0.792 8.898 9
0.371 1.214 8.85 8
0.62 1.597 8.812 8
0.534 1.932 8.889 9
0.343 1.942 9.051 8
0.141 1.769 9.473 9
-0.222 1.453 10.201 8
-0.796 0.907 10.594 8
-1.151 0.524 10.68 9
-1.132 0.323 10.44 8
-0.452 0.534 10.316 8
-0.289 0.735 10.191 9
-0.317 0.505 8.668 8
-0.768 0.467 9.416 9
-0.95 0.141 9.214 8
-0.547 0.332 9.291 8
-0.164 0.447 9.799 9
0.113 0.524 10.105 8
0.314 0.773 10.278 9
0.4 1.003 10.22 8
0.333 1.06 10.076 8
0.304 0.984 10.009 9
0.352 0.926 9.952 8
0.323 0.687 9.885 9
0.515 0.62 9.444 8
0.429 0.696 9.54 8
0.218 0.792 9.521 9
0.438 0.993 9.396 8
0.639 1.185 9.473 9
0.611 1.252 9.521 8
0.802 1.271 9.55 8
0.687 1.06 9.808 9
0.639 0.85 9.875 8
0.563 0.677 10.009 9
0.62 0.629 10.172 8
0.764 0.677 10.105 8
0.802 0.792 10.163 9
0.975 0.974 10.086 8
0.802 0.898 10.067 8
0.869 0.945 10.029 9
1.032 1.06 9.971 8
1.042 1.032 9.837 9
1.003 0.965 9.827 8
0.994 0.898 9.856 8
0.802 0.639 10.057 9
0.735 0.486 9.981 8
0.812 0.505 9.77 9
0.956 0.591 9.636 8
1.118 0.725 9.626 8
1.195 0.821 9.483 9
1.233 0.898 9.406 8
1.071 0.763 9.617 9
0.917 0.553 9.636 8
0.917 0.438 9.78 8
0.975 0.419 9.904 9
0.946 0.342 9.942 8
0.802 0.198 9.808 9
0.783 0.103 9.578 8
0.879 -0.002 9.444 8
1.003 -0.117 9.291 9
1.042 -0.155 9.329 8
1.109 -0.165 9.396 8
1.176 -0.184 9.416 9
1.157 -0.146 9.291 8
1.042 0.055 9.578 9
1.128 0.093 9.77 8
1.262 0.179 9.914 8
1.224 0.198 10.0 9
1.224 0.189 9.933 8
1.31 0.208 9.866 9
1.396 0.237 9.799 8
1.387 0.294 9.693 8
1.281 0.313 9.655 9
1.185 0.342 9.674 8
1.09 0.342 9.78 9
0.927 0.189 9.952 8
0.745 0.007 10.048 8
0.601 -0.088 10.22 9
0.496 0.103 10.201 8
0.39 0.179 10.115 9
0.228 0.17 10.019 8
0.103 0.141 10.038 8
0.065 0.122 10.019 9
0.055 0.189 9.971 8
-0.059 0.227 9.885 9
-0.193 0.179 9.588 8
-0.27 0.083 9.205 8
-0.212 0.131 8.994 9
-0.116 0.217 8.917 8
-0.145 0.246 8.927 8
-0.174 0.246 8.869 9
-0.25 0.217 9.224 8
-0.298 0.265 9.31 9
-0.356 0.294 9.348 8
-0.337 0.352 9.396 8
-0.26 0.399 9.281 9
-0.222 0.419 9.253 8
-0.183 0.438 9.281 9
-0.193 0.419 9.406 8
-0.164 0.457 9.598 8
-0.126 0.476 9.799 9
-0.049 0.495 9.962 8
-0.011 0.514 10.076 9
0.046 0.534 10.048 8
0.084 0.572 10.067 8
0.247 0.601 10.067 9
0.343 0.629 10.096 8
0.477 0.677 10.105 9
0.62 0.744 10.172 8
0.62 0.716 10.163 8
0.505 0.629 10.144 9
0.448 0.601 10.096 8
0.41 0.591 10.076 8
0.333 0.61 10.038 9
0.285 0.668 9.933 8
0.333 0.725 9.894 9
0.448 0.802 9.77 8
0.553 0.869 9.684 8
0.668 0.85 9.741 9
0.659 0.687 9.827 8
0.611 0.649 9.76 9
0.678 0.706 9.751 8
0.946 1.041 9.78 8
1.54 1.712 9.54 9
0.457 0.754 9.76 8
0.707 1.089 9.866 9
1.147 1.204 9.856 8
1.042 0.926 9.856 8
1.147 1.07 9.856 9
1.157 1.022 9.818 8
1.185 0.984 9.617 9
1.233 1.022 9.387 8
1.08 0.783 9.377 8
1.08 0.696 9.377 9
0.965 0.428 9.425 8
0.936 0.294 9.636 9
1.08 0.237 9.77 8
1.023 -0.031 9.971 8
1.099 -0.193 10.105 9
1.128 -0.385 10.163 8
1.243 -0.442 10.163 8
1.387 -0.462 10.144 9
1.435 -0.356 10.076 8
1.367 -0.222 9.894 9
1.118 -0.174 9.722 8
0.678 -0.308 9.645 8
0.141 -0.701 9.732 9
-0.088 -0.778 9.626 8
0.16 -0.682 9.626 9
0.381 -0.759 9.416 8
0.63 -0.73 9.32 8
0.821 -0.615 9.233 9
0.754 -0.567 9.291 8
0.831 -0.356 9.233 9
0.821 -0.136 9.224 8
0.534 -0.193 9.272 8
0.199 -0.308 9.281 9
0.065 -0.318 9.262 8
-0.059 -0.375 9.348 9
0.046 -0.356 9.291 8
0.113 -0.26 9.138 8
-0.231 -0.27 8.889 9
-0.586 -0.213 8.908 8
-0.739 -0.117 8.869 9
-0.624 -0.107 8.984 8
-0.289 -0.031 9.205 8
0.17 0.17 9.224 9
0.467 0.294 9.358 8
0.525 0.39 9.732 8
0.496 0.467 10.048 9
0.429 0.486 10.268 8
0.16 0.323 10.172 9
-0.155 0.103 9.837 8
-0.672 -0.126 9.09 8
-0.806 -0.26 9.004 9
-0.72 -0.289 8.994 8
-0.452 -0.328 9.09 9
-0.375 -0.347 9.186 8
-0.519 -0.308 9.301 8
-0.749 -0.165 9.789 9
-1.093 -0.031 10.508 8
-1.342 0.16 11.14 9
-1.496 0.285 11.446 8
-1.534 0.38 11.695 8
-1.409 0.399 11.973 9
-1.103 0.342 12.059 8
-0.356 0.122 12.462 9
-0.097 0.15 13.324 8
0.093 0.198 13.669 8
0.122 0.294 13.745 9
-0.001 0.457 13.621 8
-0.174 0.696 13.123 8
-0.356 0.936 12.605 9
-0.662 1.108 12.222 8
-0.883 1.252 11.868 9
-0.94 1.319 11.619 8
-0.701 1.501 11.475 8
-0.193 1.674 11.341 9
0.16 1.836 11.101 8
0.247 1.865 10.508 9
0.16 2.028 8.937 8
0.16 2.133 8.113 8
0.208 2.296 7.509 9
0.275 2.593 7.107 8
0.333 2.986 6.963 9
0.295 3.446 7.097 8
0.132 3.733 7.318 8
-0.001 3.877 7.567 9
-0.049 3.963 7.663 8
-0.021 3.973 7.615 9
0.132 3.925 7.356 8
0.381 3.963 6.973 8
0.697 4.135 6.743 9
1.185 4.212 6.877 8
0.697 3.905 7.241 8
0.16 3.608 7.528 9
-0.423 3.455 7.777 8
-0.863 3.436 7.902 9
-1.007 3.551 7.787 8
-0.998 3.695 7.634 8
-0.959 3.762 7.413 9
-1.017 3.743 7.222 8
-1.084 3.695 7.145 9
-1.103 3.656 7.107 8
-1.141 3.695 7.069 8
-1.093 3.743 7.059 9
-1.103 3.781 7.231 8
-1.457 3.819 7.892 9
-1.496 3.867 8.103 8
-1.563 3.886 8.209 8
-1.639 3.81 8.371 9
-1.687 3.656 8.573 8
-1.735 3.599 8.764 9
-1.802 3.58 8.879 8
-1.888 3.608 8.984 8
-1.908 3.599 9.061 9
-2.032 3.541 9.128 8
-2.281 3.484 9.051 9
-2.157 3.446 8.879 8
-2.032 3.302 8.707 8
-1.936 3.292 8.544 9
-1.984 3.321 8.687 8
-2.099 3.302 9.023 9
-2.281 3.273 9.607 8
-2.425 3.216 9.971 8
-2.482 3.13 9.856 9
-2.569 3.034 9.674 8
-2.626 2.986 9.396 8
-2.674 3.043 9.09 9
-2.751 3.197 8.86 8
-2.856 3.398 8.726 9
-3.0 3.522 8.802 8
-3.143 3.589 8.975 8
-3.23 3.522 9.061 9
-3.23 3.168 9.416 8
-3.134 2.967 9.598 9
-3.0 2.842 9.598 8
-2.904 2.842 9.435 8
-2.837 2.909 9.224 9
-2.856 2.948 9.109 8
-2.971 2.919 8.965 9
-3.019 2.919 8.707 8
-3.067 2.928 8.486 8
-3.038 3.13 8.314 9
-3.172 3.474 8.18 8
-3.421 3.762 8.151 9
-3.737 3.848 8.122 8
-4.053 3.714 8.055 8
-4.427 3.541 8.419 9
-4.379 3.647 8.879 8
-4.312 3.561 9.176 8
-4.216 3.312 9.301 9
-4.13 3.101 9.339 8
-4.159 2.823 9.301 9
-4.187 2.593 9.042 8
-4.159 2.43 8.573 8
-3.919 2.536 8.103 9
-3.507 2.766 7.816 8
-3.182 2.948 7.586 9
-3.067 3.091 7.519 8
-3.249 3.149 7.624 8
-4.092 3.034 7.883 9
-4.302 2.976 8.065 8
-4.369 2.938 8.371 9
-4.063 2.909 8.735 8
-3.603 2.804 9.166 8
-3.028 2.67 9.521 9
-2.454 2.622 9.818 8
-2.042 2.612 9.933 9
-1.869 2.622 9.914 8
-1.975 2.651 9.598 8
-2.185 2.737 8.975 9
-2.463 2.957 8.707 8
-2.827 3.206 8.611 9
-3.277 3.283 8.4 8
-3.766 3.426 8.323 8
-3.689 3.359 9.128 9
-3.507 3.197 9.808 8
-3.134 3.244 10.153 8
-2.655 3.426 10.393 9
-2.243 3.637 10.527 8
-1.994 3.608 10.335 9
-1.908 3.589 9.923 8
-1.898 3.589 9.291 8
-2.128 3.647 8.659 9
-2.521 3.771 7.959 8
-2.904 3.867 7.49 9
-2.99 3.829 7.375 8
-2.473 3.676 7.969 8
-2.31 3.417 9.607 9
-1.975 3.292 9.952 8
-1.764 3.244 10.182 9
-1.477 3.417 10.785 8
-1.141 3.608 11.025 8
-0.816 3.838 11.111 9
-0.796 3.973 10.986 8
-0.988 3.963 10.421 9
-1.256 3.925 9.617 8
-1.611 4.03 8.994 8
-2.051 4.164 8.343 9
-2.348 4.298 7.71 8
-2.53 4.451 8.084 9
-2.051 4.289 8.544 8
-1.477 4.356 8.323 8
-0.95 4.404 8.094 9
-0.605 4.451 7.864 8
-0.452 4.557 7.672 8
-0.471 4.566 7.538 9
-0.595 4.557 7.576 8
-0.787 4.586 7.663 9
-0.883 4.71 7.873 8
-1.017 4.739 8.41 8
-1.017 4.758 8.86 9
-0.902 4.95 9.051 8
-0.835 5.266 8.994 9
-0.94 5.783 8.352 8
-1.256 5.85 7.749 8
-1.812 5.917 7.241 9
-2.32 5.946 6.839 8
-2.549 6.042 6.599 9
-2.358 6.137 6.618 8
-1.448 6.128 6.781 8
-0.777 5.85 7.193 9
-0.375 5.524 7.653 8
-0.107 5.199 7.883 8
0.093 5.112 7.873 9
0.122 5.141 7.73 8
0.113 5.227 7.586 9
0.141 5.275 7.71 8
0.046 5.208 8.458 8
-0.068 5.141 8.85 9
-0.203 5.055 9.195 8
-0.231 4.997 9.435 9
-0.193 5.026 9.511 8
-0.193 5.036 9.511 8
-0.145 5.055 9.444 9
-0.03 5.132 9.301 8
0.199 5.227 9.09 9
0.333 5.294 8.879 8
0.228 5.294 8.659 8
0.007 5.247 8.467 9
-0.155 5.256 8.41 8
-0.327 5.304 8.113 9
-0.308 5.285 8.007 8
-0.222 5.275 8.113 8
0.007 5.304 8.333 9
0.122 5.333 8.63 8
0.122 5.361 8.965 9
0.046 5.342 9.205 8
-0.021 5.323 9.205 8
-0.145 5.266 9.042 9
-0.241 5.256 8.822 8
-0.298 5.237 8.582 9
-0.337 5.227 8.515 8
-0.279 5.227 8.573 8
-0.241 5.208 8.419 9
-0.289 5.237 8.17 8
-0.337 5.266 8.113 8
-0.461 5.314 8.141 9
-0.538 5.333 8.285 8
-0.538 5.275 8.458 9
-0.538 5.218 8.486 8
-0.586 5.16 8.438 8
-0.624 5.189 8.429 9
-0.605 5.227 8.419 8
-0.873 5.122 6.944 9
-0.681 5.294 7.346 8
-0.557 5.208 7.701 8
-0.586 5.093 7.701 9
-0.528 5.074 8.007 8
-0.528 5.218 9.147 9
-0.681 5.189 9.425 8
-0.749 5.189 9.588 8
-0.739 5.16 9.655 9
-0.72 5.045 9.578 8
-0.768 4.94 9.569 8
-0.844 4.959 9.473 9
-0.844 4.93 9.176 8
-0.835 4.854 8.515 9
-0.816 4.835 7.931 8
-0.758 4.863 7.557 8
-0.634 4.959 7.433 9
-0.519 5.065 7.394 8
-0.423 5.141 7.835 9
-0.461 5.179 8.161 8
-0.499 5.17 8.515 8
-0.538 5.17 8.793 9
-0.624 5.122 8.774 8
-0.729 5.112 8.63 9
-0.701 5.151 8.391 8
-0.634 5.208 8.247 8
-0.528 5.151 8.113 9
-0.509 5.074 8.094 8
-0.423 5.132 8.18 9
-0.27 5.17 8.036 8
-0.289 5.17 8.055 8
-0.317 5.218 8.17 9
-0.337 5.208 8.668 8
-0.279 5.218 8.937 9
-0.241 5.208 9.119 8
-0.164 5.218 9.243 8
-0.097 5.227 9.31 9
-0.059 5.314 9.253 8
-0.097 5.294 9.109 8
-0.164 5.294 8.86 9
-0.145 5.256 8.611 8
-0.059 5.227 8.352 9
-0.001 5.179 8.247 8
0.046 5.189 8.209 8
0.046 5.208 8.237 9
-0.107 5.151 8.391 8
-0.078 5.074 8.295 9
-0.049 5.084 8.304 8
-0.135 5.084 8.419 8
-0.145 5.093 8.352 9
-0.116 5.122 8.362 8
-0.155 5.112 8.62 9
-0.116 5.074 8.745 8
0.007 5.055 8.735 8
0.132 5.017 8.62 9
0.18 4.921 8.4 8
0.208 4.892 8.17 9
0.18 4.883 8.122 8
0.122 4.902 8.084 8
-0.04 4.94 8.151 9
-0.068 4.93 8.304 8
-0.097 4.921 8.391 9
-0.068 4.911 8.525 8
-0.021 4.911 8.668 8
0.055 4.921 8.831 9
0.074 4.911 8.917 8
0.084 4.902 9.109 9
0.113 4.892 9.205 8
0.208 4.883 9.224 8
0.333 4.883 9.262 9
0.39 4.892 9.176 8
0.429 4.873 8.879 8
0.295 4.854 8.343 9
0.314 4.902 8.17 8
0.304 4.902 8.141 9
0.295 4.863 8.113 8
0.285 4.93 8.4 8
0.371 4.95 8.563 9
0.4 4.95 8.62 8
0.352 4.969 8.745 9
0.323 4.969 8.793 8
0.343 5.007 8.812 8
0.352 4.997 8.735 9
0.352 4.93 8.611 8
0.343 4.902 8.515 9
0.275 4.863 8.515 8
0.275 4.902 8.62 8
0.266 4.921 8.707 9
0.237 4.94 8.64 8
0.295 4.93 8.563 8
0.275 4.94 8.515 9
0.295 4.978 8.477 8
0.304 4.978 8.525 9
0.343 4.978 8.505 8
0.314 4.988 8.41 8
0.247 4.988 8.343 9
0.208 4.988 8.362 8
0.18 5.007 8.4 9
0.189 5.026 8.477 8
0.266 4.959 8.611 8
0.256 4.94 8.534 9
0.18 4.911 8.419 8
0.208 4.93 8.362 9
0.256 4.959 8.362 8
0.256 4.997 8.477 8
0.151 5.007 8.611 9
0.132 5.017 8.601 8
0.132 4.988 8.563 9
0.18 5.007 8.544 8
0.151 5.007 8.534 8
0.141 5.007 8.458 9
0.151 5.007 8.458 8
0.113 5.017 8.41 9
0.017 5.007 8.209 8
-0.011 5.017 8.237 8
-0.03 5.065 8.362 9
-0.011 5.017 8.573 8
0.036 4.988 8.659 8
-0.021 4.988 8.735 9
-0.107 4.969 8.764 8
-0.183 4.978 8.793 9
-0.193 5.007 8.879 8
-0.164 5.036 8.908 8
-0.193 5.017 8.908 9
-0.241 5.036 8.879 8
-0.231 5.065 8.898 9
-0.212 5.074 8.879 8
-0.212 5.007 8.764 8
-0.212 5.007 8.917 9
-0.126 5.007 9.061 8
0.007 5.074 8.937 9
0.007 5.074 8.898 8
-0.126 5.036 9.138 8
-0.308 5.017 9.166 9
-0.538 5.007 9.051 8
-0.576 5.084 8.975 9
-0.528 5.16 8.783 8
-0.49 5.199 8.573 8
-0.48 5.199 8.371 9
-0.586 5.132 8.276 8
-0.72 5.151 8.237 9
-0.787 5.227 8.094 8
-0.854 5.304 7.95 8
-0.959 5.352 7.95 9
-1.055 5.371 8.046 8
-1.122 5.39 8.122 8
-1.113 5.39 8.295 9
-1.007 5.371 8.429 8
-0.94 5.333 8.429 9
-1.601 5.036 5.124 8
-0.883 5.563 6.321 8
-0.538 5.591 6.973 9
-0.777 5.438 6.925 8
-0.978 5.256 7.49 9
-0.921 5.342 9.119 8
-1.065 5.419 9.598 8
-1.113 5.457 9.818 9
-1.036 5.467 9.741 8
-0.988 5.438 9.502 9
-0.911 5.39 9.224 8
-0.883 5.333 8.869 8
-0.691 5.323 8.687 9
-0.595 5.342 8.362 8
-0.978 5.256 7.643 9
-1.323 5.237 6.81 8
-1.371 5.266 6.475 8
-1.285 5.371 6.59 9
-1.16 5.314 7.164 8
-1.189 5.294 7.394 8
-1.122 5.323 7.548 9
-1.113 5.333 7.672 8
-1.084 5.314 7.921 9
-1.026 5.314 8.228 8
-0.931 5.285 8.525 8
-0.787 5.285 8.831 9
-0.605 5.237 8.889 8
-0.528 5.208 8.726 9
-0.643 5.151 8.716 8
-0.739 5.132 8.659 8
-0.72 5.112 8.515 9
-0.662 5.16 8.477 8
-0.557 5.065 8.218 9
-0.557 5.045 8.18 8
-0.557 5.036 8.209 8
-0.499 5.026 8.295 9
-0.404 5.017 8.352 8
-0.327 5.055 8.525 9
-0.212 5.084 8.592 8
-0.145 5.026 8.668 8
-0.116 4.969 8.707 9
-0.135 4.93 8.745 8
-0.088 4.883 8.611 9
-0.078 4.844 8.458 8
-0.059 4.806 8.343 8
-0.088 4.729 8.256 9
-0.03 4.701 8.304 8
0.113 4.691 8.323 8
0.228 4.701 8.448 9
0.343 4.701 8.659 8
